
strategic_region={
	id=276
	name="STRATEGICREGION_287"
	provinces={
		650 1449 1529 1542 1555 1568 1585 1598 1613 1624 1626 1639 1641 1654 1928 1937 1944 1981 1997 2023 2035 2052 2079 2085 2132 2150 2156 2160 2161 2162 2175 2178 2179 2228 4436 4457 4526 4548 4573 4575 4589 4602 4604 4643 4934 4942 4969 4980 4982 5008 5051 5056 5083 5088 5107 5110 5118 5120 5121 5131 5146 5152 5153 5159 5162 5166 5168 5169 5171 5173 5174 5190 5191 5192 5201 5209 5214 5215 5220 5228 5317 7581 7594 7621 7638 7915 7936 7968 7991 7993 8024 8047 8056 8075 8080 8107 8113 8161 8169 8179 8194 8198 8199 8211 8213 8217 8218 8222 8229 8231 8240 8251 8252 8913 10347 10362 10402 10405 10447 10494 10502 10515 10736 10747 10767 10790 10823 10846 10849 10855 10864 10874 10879 10906 10912 10933 10934 10942 10953 10961 10984 11000 11009 11020 12336 12351 12364 12379 12394 12396 12409 12453 12466 12468 12481 12494 12496 12703 12716 12772 12790 12798 12828 12845 12853 12872 12885 12901 12914 12919 12920 12933 12946 12952 12954 12969 12977 12979 12979 12983 12984 12994 12997 12999 13086 13134 13174 13174 13175 13175 13273 13274 13276 13277 13285 13287 13290 13295 13296 13297 13299 13300 13301 13302 13303 13305 13307 13333 13334 13338 13339 13340 13341 13342 13344 13345 13346 13348 13353 13354 13361 13362 153
	}
	weather={
	}
}
