
state={
	id=452
	name="Marsa Mutrah"

	history={
		owner = ENG
		buildings = {
			infrastructure = 2

		}
		victory_points = {
			10061 2 
		}
		victory_points = {
			9989 1 
		}
		add_core_of = SWE

	}

	provinces={
		1143 1979 2111 2142 2168 2198 2204 2212 2214 2226 5078 5151 5165 5188 5204 5208 5216 5232 7079 7148 7216 8129 8140 8149 8175 8185 8189 8191 9989 10061 10127 10869 10940 10960 11010 11910 11967 12033 12764 12825 12869 12913 12916 12917 12939 12965 12973 12987 13278 13279 13280 13281 13282 13283 13284 13289 13316 13317 13318 13319 13320 13321 13323 13325 13326 13327 13328 13329 13330 13332 13336 13337 13343 13356 13357 13360 
	}
	manpower=52556
	buildings_max_level_factor=1.000
	state_category=wasteland
	local_supplies=9.000
}
