
state={
	id=662
	name="STATE_662"
	resources={
		oil=10.000
	}

	history={
		owner = ITA
		buildings = {
			infrastructure = 2

		}
		add_core_of = SWE

	}

	provinces={
		4533 1887 2007 2149 2153 2169 2182 2185 2194 2210 2224 2225 4570 4892 4962 5000 5026 5112 5156 5167 5172 5178 5179 5184 5200 5202 5223 7553 7589 7985 8069 8148 8157 8181 8184 8190 8196 8210 8225 8226 8233 10360 10432 10513 10754 10792 10884 10935 10947 10952 10980 10981 10999 11002 12321 12334 12349 12440 12479 12770 12866 12903 12909 12938 12953 12970 12996 13286 13288 13308 
	}
	manpower=13213
	buildings_max_level_factor=1.000
	state_category=wasteland
	local_supplies=0.000
}
