
state={
	id=663
	name="STATE_663"

	history={
		owner = ITA
		buildings = {
			infrastructure = 2

		}
		add_core_of = SWE

	}

	provinces={
		1060 1140 1186 1596 2136 2147 2152 2158 2172 2190 2195 2199 2208 2209 4133 4587 5115 5143 5163 5213 5219 5229 7500 7550 8176 8192 8195 8203 8208 8215 8216 8224 8253 8255 9977 10049 10390 10785 10943 10959 10964 10973 10975 10985 10986 10987 10992 10996 11001 11007 11021 11022 11023 11951 12079 12306 12902 12922 12928 12937 12942 12951 12978 12982 12998 13000 13291 13309 13310 13311 13331 13335 13347 13349 13350 13351 13352 13355 
	}
	manpower=8808
	buildings_max_level_factor=1.000
	state_category=wasteland
	local_supplies=0.000
}
